10158592865
10098379661
10449434051
20523211740
20491280612
20461226150
10154058716
20550937337
20601915741
20601325455
10086696521
20510650183
20601473551
10704001318
20549798358
20604473595
20601165041
20514037389
20207005992
10214481711
20601933471
20512816321
10455980611
20507411330
20509796441
20385202297
10100046925
20545802407
20602456537
20545201586
20549995692
20477971106
20601838592
10411101971
20600627024
10074951169
20600796641
20600715683
20601805961
20552679017
20530975372
20538604357
20601028728
20381773036
20600626443
20603929081
20601895103
20602734740
20304018837
20563344246
20600743245
20478089440
20543816541
20556924245
20517326772
20389714250
20601243513
20553151326
20142564824
20477933514
20445387925
20601432634
20504593909
20601191777
20601823595
20516210428
20518277325
20517036006
20479087360
20600200900
20601275784
20600120302
20601515599
20549203001
20565708709
20555906138
20392748840
20563078694
20519277299
20536156438
20455514666
20120336992
20601485525
20388710994
20562812661
20554034064
20507051295
20263977158
20600399676
20600358449
20308700349
20510280319
20509816655
20486056640
20510913371
20386489263
20515573365
20100019940
20100050359
10438264863
20602329489
20515662201
10422860776
20566275962
10311314586
20563034565
20603662726
20600231341
20555724021
10105336239
20536886088
20603023171
20510606796
20512229035
20536274392
20520714376
10089348752
20602832423
20100423481
20504560211
10464962897
10416898958
20600080955
20566263794
20521173131
20600578660
20604019908
20123910134
20507605614
20477983619
20602266827
20603607288
20556614050
20534816988
20601011957
20602333796
20512992138
20603013795
20601064953
10255708835
20167950893
20258116667
20516319608
20601239966
20478171022
20516224216
10454395056
20392552431
20509449563
20511110018
20566197121
20600737822
20549479848
20493000854
20502758170
20467210042
20392966162
20601572231
20521434466
20601792720
20600782216
20557284371
20518248902
20602202144
20512035851
20563578239
20392735781
20601045134
20600278194
20600580265
20420181397
20555329408
20338621214
20603119020
20501749991
20537761599
20551868631
20505212739
20209283795
20501409627
20543001075
20525068162
20100244129
20513913142
20548643962
20513040718
20602802001
20209791359
20522531872
20342782702
20549187120
20523717759
20100402727
20478175524
20138322000
20378668574
20100015014
20419757331
20454464762
20455117667
20454601344
20456020870
10306688486
10292658236
20602539742
10296636059
20601093678
10412173801
10102754021
20371226291
20453853293
10304000517
20602583776
20601928249
20455388857
20327528611
10248141714
20600981782
10038726094
20455738858
20371087151
10293984943
20455500444
20454519761
10308424010
20602856853
10296657684
20454580240
20455984468
10296928629
20602955550
20601444241
20558276305
20559094669
10295171761
20455712468
20453881238
20454714467
20455408556
10294182336
20601184321
20601431191
20498254803
20434828661
20454977557
20539520548
20601597820
20456144412
10480391824
20455737967
20454232128
20455097615
20455842167
20601060991
20455787042
20454375310
20601850860
20455971218
20558086191
10421002873
20600906471
20497728071
10295180604
20558566567
20455890307
20456131272
20601994543
20600588207
20600343328
20312904650
20539603834
20411898432
20456316566
20600081757
20559174000
20601935717
20558376946
20455573328
20539600657
20453884687
20455369127
20327762720
20455628084
20326818756
20272858480
10296749490
20455005869
20120876083
20455305234
20558329867
20453877800
20602588620
20455494967
20558105756
20121022169
20559193136
20498455370
20411808972
10417155509
10406145081
10178784001
10178068666
10188366924
10179268936
10194004368
10192225375
10180818966
10180774233
10188708507
10038728127
20397795871
20601064830
10188460602
10210152984
10179159835
10179609164
20396844037
20602783449
20539865871
20477410171
20539968841
20482720961
20601357764
20482728945
10420314669
10192537903
20208568826
20539771541
20601417830
10181700721
20539830652
20600302273
20482473181
10178151491
20481615888
20481732094
20602745148
20477455868
20603164807
10429780697
20481711763
20440379801
20477650563
20600658213
20601010578
20481714193
20482367314
20439092077
20600260384
20482514988
20539707371
20601012376
10192357557
20516054892
20601713765
20559688887
20477440917
20482633308
20482488707
20539884159
20603636644
20481678880
20600473523
20477635254
20481878897
20481403198
10407691593
20601258871
20602411827
20601900204
20481465894
20559796779
20539758447
20482114882
20560101148
20481066922
20481240035
20560096471
20559641228
20482809431
20457753641
20132098043
20477190112
20482620079
20482528695
20482584765
10179322353
20601642451
20560087561
20559859525
20481642770
20132291714
20600177631
20439859572
20481574677
20132108294
20600180631
10028804135
10026026658
10412863301
20601331340
20525368808
20526356081
10453045574
10002024590
10036669417
10401618363
20525861946
20529746238
10002560670
20525996795
10028512576
10028793362
20600155831
20483906766
20600295919
20508767723
20526615281
20529768126
10408849646
20484228613
10036742025
20601749743
10479546857
20530057641
20604102228
20602240402
10425904413
10027909863
20525827764
20600277678
10032046628
20601924936
20526630328
20276103076
10033838854
20526429908
20356594046
20602078281
20526055048
20603966521
10026597043
20526199635
20525304231
20484335614
20525294766
20484234265
10401421861
20102455160
10422197449
20356393733
20529849398
20530057560
20602601405
20601268541
20526572531
20529701137
10033769411
20601036445
20526249322
20440813934
20603665717
20601318963
20440919767
20525645062
20526488581
20600637470
20526648880
10038701890
20600053583
10032342707
20526388951
20530194982
20600483715
20526233329
20440722891
20102539185
20600302877
20530102883
20530172156
20601063779
10026446631
20440528652
20484218731
20601698863
10412988588
20526351950
20530009832
20448357890
20600108612
20600851854
20530354858
20525693547
20529914718
20530074227
20525416543
20536938657
10714740551
10181866379
10475154067
10404657807
10776890079
10222983156
10410111263
20494532647
10459042054
10218118467
10218582244
10215686821
20452355729
10218737205
10222937057
20603679238
20494881498
10415925382
10218771888
10309536288
10214699155
10215208660
20495097154
20601642094
20603916809
20538550249
20602397824
20494726336
20601337674
20535173746
20603181159
20602694543
20534930683
10034782062
10102532266
20534734663
20494487595
20534399007
10800264290
20452481601
20535162540
10215386886
20601422329
20494772281
20494245311
10218712539
20544528026
20535098191
20600332598
20600883152
10410661301
15494294106
20602783848
20534742411
10214593446
20535159166
20600285204
20367553180
10436274039
10215606681
20494356903
20452698171
20494673208
10701973238
20540742716
20495019196
20534413867
20600289331
20494569133
20603553030
20494961173
20534352621
20534954272
20410333806
20494796202
20495102921
10413839462
20494404134
20481760462
20452552800
20534421703
20494202264
20546641504
10400618653
20479791296
10102239003
20452469732
20535152404
20494833680
20521292068
20535107280
20534778521
20324731564
20534760231
20494849411
20452733421
20534500247
20494328799
20495005217
20293718220
10328205217
10316664348
10421200152
10105809048
20532076260
10329165928
10472826331
20402830990
10316274477
10316152568
10321300567
20445471128
10079464967
20445690512
10329163046
10432078961
10428013986
20445701221
20603107234
20569221219
10091248595
20445791203
20571117470
20571434521
20114379159
20531828446
10329748320
10316654971
20445474810
20445575331
20531882572
20282555787
20445604373
20600477863
20569141452
10741188291
20542024748
20569195463
10320432117
20603094990
20407801491
20531641451
20445305970
10474281367
20531745826
20601797098
20534131292
10316714566
20602217222
20230872270
20569164827
10107797594
10316738121
20445769704
10102027626
20569278911
20603462646
20445301982
20569258996
20600339258
20601548187
10451450161
20600686411
20601088984
20408132178
20533806628
20601118051
20533659650
20533649182
20601616191
20569314144
20600753011
20445687058
20115502744
20532004609
20229104421
20602017665
10065432507
10329869496
20602817670
20531049161
20569103950
20445588581
20601507693
20530711472
20533603514
20407879687
20402946271
20445255182
20531741596
20475225521
20601362954
20504960316
20601634741
20602737846
20445511103
20114213854
20445631265
20571180911
20546139973
20527359636
10238621327
10466129963
10414162881
10441687678
10239935309
10240038167
10012355217
20604467196
10448104139
10463571649
10433404578
10737019816
20450752658
20563997126
20564263029
10244960770
10239620111
10251406613
10239840057
20490603949
10239621959
10457007642
10433094366
20602498825
20553748993
20491122383
10434180240
20601549256
20490433334
10443073367
10803792947
20564022412
20604095132
20490655744
20603067267
10238551337
10239455854
20527106771
20527930503
10411330597
10770952161
20602080430
10440575001
20601421799
10800224786
20600096657
10432294281
20490300881
20602231209
10418300791
20601652243
20491203545
20600692420
20604769672
20600344782
20564098664
10239651181
10250039528
20601976405
20489978726
20358896805
20527496978
10487429738
20600249186
20601018838
20564042103
20442521477
20490589776
20603843755
20490110756
20116722641
20491166674
20527735123
10440407001
20490821695
20601642078
20490135821
20527686165
20600760611
10480332844
20490766490
20602530095
20527725594
20527831513
20603226381
10252206952
10239455943
20527366098
20527558248
20602662498
20450783456
20224310481
10239116031
20600223837
20527848246
20443108131
20541343475
10205913357
10426782575
10427488875
10211251226
10436683303
10802115364
10210981735
10075249492
10198407912
10209928839
10409949920
20541588745
10200858552
10209980318
10206740251
10419890052
10232670369
10198241160
20486553431
10409792346
20600786513
20487300196
20486137054
20573822367
10199966907
20281017838
20486651360
10198259590
20604852502
10200103870
10207028881
20401368869
20600894324
20228333329
20177847225
20601898293
20568883650
10209919091
20568208251
20602757782
20601095344
20486183676
10204075251
10443630851
20220557805
10077314496
20601660700
20487011321
10420817482
20604064211
10413158414
10209949704
20486891085
20541413945
10206838081
20568348932
20573833211
20486671042
20568320507
20602231756
20486508303
20601031036
20486061058
20601312639
20486735466
20600615808
20568809506
10209911766
20600607210
20603895135
20486645807
20601345537
20601414997
20487214788
20568327854
20486626179
20600552369
20402316927
20223353089
20602753761
20573874081
20486622181
20568627220
20318735175
20487022871
20487102637
10198165226
10205783631
20568075278
20568499043
20568390891
20601068827
20402235331
20573851383
10199256641
20568706103
20514118541
20568169094
20319363221
10425061033
10164707178
20603036477
10401421179
10167894009
10436957047
20480286244
10164472707
20487834816
10164681098
10459336562
10401646642
10725019306
10164478012
20600094581
10412508373
10166575210
10453694696
20480759321
20603411944
10481403079
20601045282
10174354486
10274316492
10164456990
20601154162
20438493361
20600442288
20487361225
20538948790
10167261065
20539118111
20601130972
10166258206
20603361726
10178539502
20480682948
10167797739
20539203658
20561147931
20479464686
10166385640
20561131181
20480172583
10403241119
20601474558
20271761351
20480603746
20479782386
20480432836
20479628115
20480277253
10165038792
20603785488
20487794253
20487721451
20539292065
20488019512
20601686342
20480057644
20480400390
20487748065
20601232902
20561146374
20600459075
10277513094
20539260376
20600654510
20601225329
20536988671
20539243790
20103195013
20487989852
20479870323
20487378110
20487467139
10705533909
20601062314
20480093012
20539110307
20480684991
20601629276
20487607917
20479691071
20488137809
20557915894
20513479868
10413588532
20601340101
20600341805
20480667124
20487800750
20603174748
20480515456
20480666071
20394723259
20480325088
20480023235
20437481653
20141189850
10805437079
10267074343
10450605480
10272427882
20605351752
10413731963
10766814021
10450512325
10266545091
10278428511
10278391600
10336698192
10476181734
10278543515
10418019871
10065859128
10277545824
10329470801
20603238711
20479891754
10178910481
20601488702
10279284891
10335691089
20603228015
20529667443
20113975220
10011216612
20600189655
10465252273
20496084544
20496021119
20604205949
20529348429
20602620027
20600097726
20570629914
10180854482
10436131424
20603032056
20453698387
20601817382
20524975158
20601927757
20601352355
20480755333
20602797814
10167840821
20602846971
20491667291
20487969584
20551262082
10443300771
20529318350
20491819066
20603214707
10442593332
10266854892
20570800192
20600574052
20603072325
10471975961
20603202326
20552165846
20570765770
20530212476
20495631169
20496049714
20495970451
20601190410
20601129834
20480561563
10011278596
20603203454
20453325432
20600348117
20602733948
20113742047
20570621000
20529654899
20601494176
20479452599
20602370802
10279903434
20529461667
20491562782
20570887298
20601677688
20479958921
20495835759
20529682248
20453832709
20504482660
20570810236
10335716103
20529466979
20601577128
20131609371
20495635822
10013330595
10432346728
10436355152
10296360355
10444835783
10710010531
10019915226
10427221461
10005070002
10024256010
10023615130
20448573754
20447840171
20542694557
10023990968
20542662787
20600075994
10458400801
10294237904
10401321042
10421929365
10414309459
20602117058
20448421229
10445644621
20600405021
10012965317
20600140303
10013345983
20559295214
10421048997
10800721216
10013297466
10416030494
20602253083
10044336591
20542638134
20601362067
10430587418
10406752459
20602738800
20601223628
20600932587
20604047766
20448841511
20448024491
20448505325
10023614214
20447993679
20542705931
20448283756
20602061206
20447852692
20602923488
20448822304
10460428306
10024137711
10013012135
20447939038
20405255139
20448743854
20448374557
20601009570
20600239199
20364122242
20448062741
10024284056
20448075720
20447878900
20448146252
20448174388
20447883652
20542653958
10407538299
10024405066
20406548521
10407852139
20448710336
20448603092
20542607174
20406410685
10024262486
20448692923
20601344115
20601923662
20542691884
20600200322
20603674937
10012722481
20601973864
20542648016
20600035313
20448450326
20498044159
10024304359
20447974534
20364000643
20447689503
20447882761
20496651481
10052309641
20572186491
10418505902
10704667278
20493671392
10338072380
10176114407
10052371975
10165316806
20528101675
20541298313
20541262718
20231931598
10053896222
10055828704
20601255155
10703781620
20409013296
10408982681
20451370074
20602074618
10055840267
20541149741
20572258239
20450290000
20528313265
20223404929
20600323858
20528311050
10444105289
10418080570
10166875787
20601397979
20567111041
10052474294
10056113881
20541259504
20493406486
20601790361
20600309065
10465633374
20528458662
20600731808
20528225137
20528179356
20600678613
20528330194
20567104428
10101222654
20541270141
20600180976
10479553268
20567211003
20493341686
20541280538
20451385187
20528313427
20451367286
20528228233
10430891877
20451039190
20567140068
20603750137
20493622341
20600802195
20600784651
20600346424
20600207467
20600533275
10408655027
10052430980
20601655064
20493170423
20600435613
20207617173
20450171337
20601239613
20541200879
20451400241
20493524179
20528127984
20567183468
20603629621
20493183240
20493238320
20601147352
20103921873
20528233075
20103845913
20493388721
20528185755
20601529361
20493580591
20601812992
20528367519
20541214233
20493428536
20451319800
10310406169
20563967995
10238490613
20490088211
20563890321
20603978847
20602991637
20489528445
10419255349
10420540669
20601466458
10239902249
10456528886
10314816001
10238417029
10310313187
10310002734
10435319314
10311870292
10460729870
10106589106
10409831341
10432223600
20564013006
10243905473
20450746097
10024137100
10311689920
10238638076
10310343086
10040792835
10801678594
20527824495
20602780741
20600567773
20527639752
20491221870
10447546146
10310063547
20564504751
20602147364
10311557403
10310129831
10402365353
20494775621
10310400471
20602363261
10311672067
10311890749
20490676237
10243844644
10403666454
20564357783
20490666606
10311804141
20600124260
10406147610
20600151127
10238761307
20564534669
20450777219
20600858689
10449546941
20600254937
20528003401
20526973527
10439317383
10248858953
20603691033
20490909274
20600515498
20528016481
20527720444
20563945169
20564081001
20553852979
20490575554
20602388833
20485592556
20490125435
10404779627
10444256279
20564424561
20490036335
20527582203
20563983176
10292120562
20533016732
10706745454
10423669468
10218066572
10442691148
10429472267
10005149806
10004928640
10004417483
10004159344
10250785271
20532801371
10452663622
10004870790
10463526511
10400324803
20601746027
20449260326
10005090585
20533254081
20600914589
10446543461
20601682959
10706009863
10004827983
10405629891
10417688264
10416606124
20601316693
20449259662
10004888737
10447208151
20519709342
20532926581
20519924669
10437823702
20449447825
10435276046
10005043528
10004464201
20532426937
20603190310
20532709998
20532977739
20533344233
20318165727
20602801005
20600850807
20532332525
20532772339
10004852996
10801839679
10400623011
20532653089
20519927501
10046522554
10004712485
10296474784
20533143840
20601564425
20532647356
20449372043
10004483095
20449325479
10435893363
20532994234
10007938671
10004922595
20519940940
20601177588
20519801664
20533073451
20453237223
10018698523
20602527230
20601826713
20532452857
10801859343
20449443757
20519684251
20533009957
20602134793
20600371399
20532926239
20532736537
20600734416
20601920426
20532781672
20533212329
10417222630
20603559003
20532573301
20519916569
20532308659
20519777348
20532376654
20532857326
20532482683
20119207640
10044344616
10294609526
10412844993
20602735657
10446438536
10044124641
20520045270
10071838566
10304014178
20447587093
10046238911
10012753646
10457480038
10044096710
20532518386
10419880812
20603098812
20533109820
20532629706
20449321724
10429086367
20601201136
20601590485
20449373520
20532757887
20521270170
20600934199
20535445096
20533168591
20519963303
10044116567
20601890861
10425014132
20532853762
20449294654
20533060987
20539570138
10047488937
20601516731
20519690145
20533051210
20600849027
20601218675
20601985145
10044294554
10215566914
20495596231
20532916861
20532394806
20533217550
10004845001
20520096699
20449318693
20532517142
20449420463
10439785174
10044010262
20449280513
20532487057
20535123994
20519904471
10403873131
10437959221
20519978912
20603574177
20447492467
20532956901
20600036905
10420503950
20520089307
20533019910
20532572674
20226820834
20533027262
20600111222
20533131086
20232273985
20130056998
20532396175
20285908141
20532917833
20601923654
20601565588
20532803587
20321598936
20600799062
20532344370
20449268653
20601359635
20533346449
20533089292
20449444303
20115809394
20321698302
20601089620
20600931394
20519881757
20519951551
20600257286
20519734614
20601265541
10465625509
10444422012
10008397771
20493939034
10010242628
20600634543
20600957211
10011089891
10009495997
20450106195
20542325438
10802191206
10010200178
20542394324
10011636361
10010912569
10272639227
10009028582
20542203162
10446798788
20531275684
10428172961
10802680380
10274194206
20216733828
10460143662
20494138078
10278216999
20450267105
20450255603
20531445601
10274187293
10438263786
10011289881
10801623706
20600984790
20446597354
20602561012
10422978866
10422623995
10462849414
20600982452
20602410154
10008350286
20450247091
10011438437
20493920520
20601786576
20600029330
20494166012
20600217675
20602813861
10449414395
20450444678
20542240874
10008009894
10414866404
20572248942
20493909551
20488812468
20493947215
20450247171
20602247199
20600240707
20450222004
10032433923
20493903196
20531599404
10011415798
10011218950
10406053313
10167994224
20603328478
20601766494
10011400529
10011118661
20572136630
20601661552
20572209297
20493981588
20572270441
20494088208
20104242911
20494140307
20542211939
20494090954
20493880471
20600665953
20531369581
20209098114
20531341229
20450481875
20601413524
20542290464
20542249154
20404493885
20601305772
20531390866
20494007488
10224764699
10229752559
10455597205
10224911560
10225276094
10225073142
10436221351
10445676727
10229937729
10224864995
10231484049
20573187599
20542574063
10229977275
20489607744
20602122639
10409805367
10040102723
10230170792
10224279448
10093009776
20529282738
10102022110
20489424151
10229686670
10042151276
10225171403
20542504529
10225034783
20404789733
20602388183
20528995676
20542592801
20573180586
10409727099
10732697841
20528955615
10042168772
20600623690
20573281340
20601672619
10231827264
10224013529
10462265323
10408040634
20529049863
10230186699
10458369271
20600091906
20542501775
20600658299
20604757593
20602335616
10224330982
10421385659
20601477018
20600163435
10433431630
10107133211
10229667411
20573282583
20573291655
20542582325
20573102780
20602303668
20489648262
20600787455
20601344921
20573227990
10229999007
20404652355
20600648790
20600838386
20573007019
20600938305
20601728657
10706901111
20573103328
20132962511
20600235142
10460012606
20573136927
20542498961
20529295040
20489683173
20600617975
20602152309
20542593521
10200082970
20489430712
20528911324
20573152531
20489603757
20542531097
20486039800
20489432090
20446901959
20601612632
20528976612
20133932730
20534864524
10283091193
10291604795
10282170707
20602157661
10282098321
10284635529
10733847021
10433699756
20574793964
10444460283
10157410232
10106471989
20603277083
10283173505
20601786355
10451070377
10199669333
10283115661
10430127484
10415424448
20494961254
10222927752
20574607095
20574663599
20600139151
20574618453
20574788022
10282961283
20494664802
20494258642
10464201926
20494807760
20600562879
20495096930
20601880793
10414270901
20603574860
10093915963
20534839091
20495059813
10282194509
20600097033
20604415170
10282672451
20494586658
20494306558
20600105419
10076912101
20494707544
20449564112
20602547753
10417267986
10282950443
10445690479
10282421912
20534713747
20602152970
10200284882
20574718326
10099997457
20534262397
20134483611
20574787565
20574719136
20452649129
20600609158
20495135005
20603955537
20452836409
20495090141
10410114394
20574615781
20600154118
10255010102
20600831276
20574685304
20516843897
20574735093
20574653283
20602586554
20541588079
10282649522
20534816392
10286018853
20574769231
10282934944
20602270751
20534485426
20601058384
20534534575
10283039116
20495105866
20600796730
20574611017
10282818979
20287303492
20494402433
20263317573
10000779569
20600897838
10806742835
20393771446
10000381786
10001100861
20600865103
10000923180
10094801694
10001859957
20602890148
20393204797
20601666503
10000940599
20352031331
10228875169
20393579251
10407417009
20393427745
10000724110
20393612992
10000130139
20393626438
10211438431
20393859297
20393317052
20602536310
10400830253
20394025217
10403433891
10001236330
20393165368
10001106606
20493783352
20602340482
20600559142
20393568136
20393852799
10074944243
10440725738
20393412632
10000396694
20393629453
20553627690
20393835860
20393897890
20528343334
10435047276
20393679809
20394064115
20602319378
10000852452
20393896907
10443029171
20393465671
20393884216
20601704910
20352487067
20310368521
20393802007
10405415149
20393235757
20602090796
10431409246
20393883911
20393379911
20352308588
10404190381
20394087671
20393959321
20393619148
10001022283
20603603223
20393600048
20393226502
20393417359
20351275007
20601776201
20393665093
20393910403
10101050241
20393226332
20393230526
20600796373
20393402084
10476662244
20394066240
20393512939
20393957205
20600316886
20394084221
20128959506
20393824078
20494097029
20393223236
20601638143
20352403149
20600696131
20352435342
20394077101
20487131491
10040207878
10435860287
10043067678
10449308196
10043382263
10043387249
10104720418
20529187077
20603394489
10458749979
10040151988
10043187339
20600097131
10096038025
10043029466
10043208026
20542522934
10211339514
10040037018
20600575466
20573138971
10407058165
10437775562
10205898285
20489565219
20602387161
20489682525
10311250031
20542598833
20600685628
20489434891
10447276971
10043053308
10043115893
20573021780
20529248041
10040134757
20486612895
10043046344
20573105703
10444618731
10040268095
10438357551
20602176852
10043404739
20568003013
20602828191
10458295056
20568214570
20602146023
20573093853
20601353840
20600218183
20600217861
20573175159
20492298795
20601361273
20603583907
20568842384
10040785341
20573172303
10418227724
20573014902
10043023000
20601160367
10043020418
20489411092
20365561029
20601898714
20602200303
20573327196
20489700019
20486991896
20600679458
20573262043
20529076755
20489301823
10205668921
20529097591
20489611695
20447370272
20573220553
20600516621
10726097653
20600270541
20555720468
20447337496
10311467897
20568416792
20485927914
20486547201
10040637911
20489472121
10082930103
20513710381
20568444575
20182049086
20221259581
10232669174
10236529598
10413683772
10200426857
20601486998
10232627005
10234460434
10418190596
20486650398
10452563857
20401836471
20486673509
20485878018
10442014766
20486380587
10232607284
10232048862
20487320201
20486533839
10198624794
10400320841
10199436568
20541404873
20486578697
10401066344
20568729146
10232024904
10405908765
20602053394
20602811221
10412878006
20600945689
10074562642
20601350697
10200671711
20486443929
20604494631
10200786501
10235632468
20486688956
20601958695
10237066389
20507437649
20520050192
10401238871
20573867387
10097349083
10406481331
20541308483
10481320556
10460424378
20212177785
20486792770
20486952483
10409352443
20486527197
20486998122
10233837950
20541395947
20602163572
10232710522
10232633790
20532814511
20444827204
10234667179
20601270774
20600826540
20568510381
10232742751
10232706100
20569052191
20486291649
20541390554
20541510126
10206789137
20486120321
20487129756
20600641027
20573843879
20601833035
10198615191
20515802062
20568890605
10420466248
20407565828
20573878745
20486136830
20486995298
10237051322
20487078663
20486279436
10438534313
20508110180
20486290910
20568355041
10232110509
20603405600
20568513216
20401900587
10424764791
10338041671
10404026131
10010141147
10094535668
20479756113
10439221548
10404215782
10416950801
10166217640
10335873586
10176134050
10175211433
10337271001
10458979630
10165209601
10165025810
10033391311
10334022621
20600775431
10074680734
20487514587
10734907770
20601646197
10420183360
20603665474
10166052276
10334044373
10335957810
20487444350
10167767571
20480262655
20566033870
20487892930
20539224817
10334258047
10335926744
20603017774
20392306235
20601370477
10277506225
20566025770
10420280021
10335861863
10337335361
20600790961
20600215010
10336604295
20392262432
20561372111
20392200160
20480020139
10166320769
10415154548
10335656577
20549825428
20487750809
20601925622
10805348335
20600661842
10441627179
10459174295
20561358631
20602670261
20601109744
20600566017
20600850092
10458773250
20601293821
20561296422
20600859812
10442367901
20602276067
10477129892
10420026639
20538952398
20487570908
20602460887
20487946614
20479635596
20600254171
20539061501
20602034284
10167637316
20561166138
20600510968
20515738461
20480214928
20494108918
20561337633
20288544639
10276852596
20122123724
20600691296
20480753390
20600009886
20601025648
20479880981
20479862738
20479692476
10002318275
10447437223
10002035206
10002485210
10002205110
10002523154
10278525703
20441476028
10072212962
10080547256
10441977081
10002213422
10002078061
10003279869
10166169891
10003207272
10335723231
10033501442
10426669345
10003722665
20484022080
10002360638
10470647731
10408845055
10026333933
20601806691
10003711779
10002475117
10166235231
10165007544
10097352891
10035905931
20409388699
10403847041
10464023017
10003717351
10002401326
20601246440
10410344977
20409498958
10801334828
10419776292
20602537677
10281047723
20602793045
20515114093
20409323309
10002096451
10002460225
20601356881
20409364242
20556342386
20602455344
20601547351
10410003932
10416399811
20409278672
10425813060
10438679656
10804927030
20603170203
10002565787
20132645389
10449711471
20600531183
20409431888
10026599330
20409384782
10426966315
10002407847
20409393854
20409241833
20409329846
20600253035
20600826337
20409428747
20409214356
20603616015
10426057838
20409483098
20525350429
20602679854
20409443461
20409250581
20132642797
20409211411
10180924375
20600496736
20409420096
10073295292
20409206922
20601491134
20409416579
20409214437
20409314814
10002166823
20525566944
20484136689
20366873717
20219178264
10405490701
20491148692
10427988061
10050708140
10048154412
10048248247
10048269198
20603414048
10474231777
10048025922
10239405067
10437217071
10048245523
10437532686
20542806703
20527815313
10048159627
20490813838
10450239564
20601609151
10458031822
20601937981
20602227937
10477161192
10466447086
10431833722
20490451588
20490827898
10407378291
10418992081
10050602856
20601943787
20490584979
20602425666
20490822314
10418304494
10480775410
20528088806
20602308210
10440540703
20542847647
20527655529
20542855071
10239307006
10050603071
20602883273
20490395220
10048095939
10050641177
20602156401
20602061664
10281140481
10247047862
20527465070
20603065205
20563890160
20601665272
20490546376
20527678065
20490889907
20600121473
20490032852
10415383342
10048212218
10048063735
20490167944
20542838656
20450564738
20600808151
20450689603
10467308314
20603421133
20526896191
20601179173
10250171418
20600196368
20601670209
20542858843
20528035869
20350402269
10199458634
10421464133
20604640645
20490916131
20527684898
20337407278
10012969096
20563945088
20490645277
20490437593
20526701012
20527660107
20490922459
20601404398
20602886353
20490775723
20450551326
20230767131
20527948461
20484479616
